  0.000  0.000  0.000  0.000  0.000  0.000  0.000  0.000  0.000  0.000  0.000  0.000  0.000  0.000  0.000
  0.333  0.333  0.333  0.333  0.333  0.333  0.333  0.333  0.333  0.333  0.333  0.333  0.333  0.333  0.333
  0.667  0.667  0.667  0.667  0.667  0.667  0.667  0.667  0.667  0.667  0.667  0.667  0.667  0.667  0.667
  1.000  1.000  1.000  1.000  1.000  1.000  1.000  1.000  1.000  1.000  1.000  1.000  1.000  1.000  1.000
  1.333  1.333  1.333  1.333  1.333  1.333  1.333  1.333  1.333  1.333  1.333  1.333  1.333  1.333  1.333
  1.667  1.667  1.667  1.667  1.667  1.667  1.667  1.667  1.667  1.667  1.667  1.667  1.667  1.667  1.667
  2.000  2.000  2.000  2.000  2.000  2.000  2.000  2.000  2.000  2.000  2.000  2.000  2.000  2.000  2.000
  0.000  0.000  0.000  0.000  0.000  0.000  0.000  0.000  0.000  0.000  0.000  0.000  0.000  0.000  0.000
  0.333  0.333  0.333  0.333  0.333  0.333  0.333  0.333  0.333  0.333  0.333  0.333  0.333  0.333  0.333
  0.667  0.667  0.667  0.667  0.667  0.667  0.667  0.667  0.667  0.667  0.667  0.667  0.667  0.667  0.667
  1.000  1.000  1.000  1.000  1.000  1.000  1.000  1.000  1.000  1.000  1.000  1.000  1.000  1.000  1.000
  1.333  1.333  1.333  1.333  1.333  1.333  1.333  1.333  1.333  1.333  1.333  1.333  1.333  1.333  1.333
  1.667  1.667  1.667  1.667  1.667  1.667  1.667  1.667  1.667  1.667  1.667  1.667  1.667  1.667  1.667
  2.000  2.000  2.000  2.000  2.000  2.000  2.000  2.000  2.000  2.000  2.000  2.000  2.000  2.000  2.000
  0.000  0.000  0.000  0.000  0.000  0.000  0.000  0.000  0.000  0.000  0.000  0.000  0.000  0.000  0.000
  0.333  0.333  0.333  0.333  0.333  0.333  0.333  0.333  0.333  0.333  0.333  0.333  0.333  0.333  0.333
  0.667  0.667  0.667  0.667  0.667  0.667  0.667  0.667  0.667  0.667  0.667  0.667  0.667  0.667  0.667
  1.000  1.000  1.000  1.000  1.000  1.000  1.000  1.000  1.000  1.000  1.000  1.000  1.000  1.000  1.000
  1.333  1.333  1.333  1.333  1.333  1.333  1.333  1.333  1.333  1.333  1.333  1.333  1.333  1.333  1.333
  1.667  1.667  1.667  1.667  1.667  1.667  1.667  1.667  1.667  1.667  1.667  1.667  1.667  1.667  1.667
  2.000  2.000  2.000  2.000  2.000  2.000  2.000  2.000  2.000  2.000  2.000  2.000  2.000  2.000  2.000
  0.000  0.000  0.000  0.000  0.000  0.000  0.000  0.000  0.000  0.000  0.000  0.000  0.000  0.000  0.000
  0.333  0.333  0.333  0.333  0.333  0.333  0.333  0.333  0.333  0.333  0.333  0.333  0.333  0.333  0.333
  0.667  0.667  0.667  0.667  0.667  0.667  0.667  0.667  0.667  0.667  0.667  0.667  0.667  0.667  0.667
  1.000  1.000  1.000  1.000  1.000  1.000  1.000  1.000  1.000  1.000  1.000  1.000  1.000  1.000  1.000
  1.333  1.333  1.333  1.333  1.333  1.333  1.333  1.333  1.333  1.333  1.333  1.333  1.333  1.333  1.333
  1.667  1.667  1.667  1.667  1.667  1.667  1.667  1.667  1.667  1.667  1.667  1.667  1.667  1.667  1.667
  2.000  2.000  2.000  2.000  2.000  2.000  2.000  2.000  2.000  2.000  2.000  2.000  2.000  2.000  2.000
  0.000  0.000  0.000  0.000  0.000  0.000  0.000  0.000  0.000  0.000  0.000  0.000  0.000  0.000  0.000
  0.333  0.333  0.333  0.333  0.333  0.333  0.333  0.333  0.333  0.333  0.333  0.333  0.333  0.333  0.333
  0.667  0.667  0.667  0.667  0.667  0.667  0.667  0.667  0.667  0.667  0.667  0.667  0.667  0.667  0.667
  1.000  1.000  1.000  1.000  1.000  1.000  1.000  1.000  1.000  1.000  1.000  1.000  1.000  1.000  1.000
  1.333  1.333  1.333  1.333  1.333  1.333  1.333  1.333  1.333  1.333  1.333  1.333  1.333  1.333  1.333
  1.667  1.667  1.667  1.667  1.667  1.667  1.667  1.667  1.667  1.667  1.667  1.667  1.667  1.667  1.667
  2.000  2.000  2.000  2.000  2.000  2.000  2.000  2.000  2.000  2.000  2.000  2.000  2.000  2.000  2.000
  0.000  0.000  0.000  0.000  0.000  0.000  0.000  0.000  0.000  0.000  0.000  0.000  0.000  0.000  0.000
  0.333  0.333  0.333  0.333  0.333  0.333  0.333  0.333  0.333  0.333  0.333  0.333  0.333  0.333  0.333
  0.667  0.667  0.667  0.667  0.667  0.667  0.667  0.667  0.667  0.667  0.667  0.667  0.667  0.667  0.667
  1.000  1.000  1.000  1.000  1.000  1.000  1.000  1.000  1.000  1.000  1.000  1.000  1.000  1.000  1.000
  1.333  1.333  1.333  1.333  1.333  1.333  1.333  1.333  1.333  1.333  1.333  1.333  1.333  1.333  1.333
  1.667  1.667  1.667  1.667  1.667  1.667  1.667  1.667  1.667  1.667  1.667  1.667  1.667  1.667  1.667
  2.000  2.000  2.000  2.000  2.000  2.000  2.000  2.000  2.000  2.000  2.000  2.000  2.000  2.000  2.000
  0.000  0.000  0.000  0.000  0.000  0.000  0.000  0.000  0.000  0.000  0.000  0.000  0.000  0.000  0.000
  0.333  0.333  0.333  0.333  0.333  0.333  0.333  0.333  0.333  0.333  0.333  0.333  0.333  0.333  0.333
  0.667  0.667  0.667  0.667  0.667  0.667  0.667  0.667  0.667  0.667  0.667  0.667  0.667  0.667  0.667
  1.000  1.000  1.000  1.000  1.000  1.000  1.000  1.000  1.000  1.000  1.000  1.000  1.000  1.000  1.000
  1.333  1.333  1.333  1.333  1.333  1.333  1.333  1.333  1.333  1.333  1.333  1.333  1.333  1.333  1.333
  1.667  1.667  1.667  1.667  1.667  1.667  1.667  1.667  1.667  1.667  1.667  1.667  1.667  1.667  1.667
  2.000  2.000  2.000  2.000  2.000  2.000  2.000  2.000  2.000  2.000  2.000  2.000  2.000  2.000  2.000
  0.000  0.000  0.000  0.000  0.000  0.000  0.000  0.000  0.000  0.000  0.000  0.000  0.000  0.000  0.000
  0.333  0.333  0.333  0.333  0.333  0.333  0.333  0.333  0.333  0.333  0.333  0.333  0.333  0.333  0.333
  0.667  0.667  0.667  0.667  0.667  0.667  0.667  0.667  0.667  0.667  0.667  0.667  0.667  0.667  0.667
  1.000  1.000  1.000  1.000  1.000  1.000  1.000  1.000  1.000  1.000  1.000  1.000  1.000  1.000  1.000
  1.333  1.333  1.333  1.333  1.333  1.333  1.333  1.333  1.333  1.333  1.333  1.333  1.333  1.333  1.333
  1.667  1.667  1.667  1.667  1.667  1.667  1.667  1.667  1.667  1.667  1.667  1.667  1.667  1.667  1.667
  2.000  2.000  2.000  2.000  2.000  2.000  2.000  2.000  2.000  2.000  2.000  2.000  2.000  2.000  2.000
  0.000  0.000  0.000  0.000  0.000  0.000  0.000  0.000  0.000  0.000  0.000  0.000  0.000  0.000  0.000
  0.333  0.333  0.333  0.333  0.333  0.333  0.333  0.333  0.333  0.333  0.333  0.333  0.333  0.333  0.333
  0.667  0.667  0.667  0.667  0.667  0.667  0.667  0.667  0.667  0.667  0.667  0.667  0.667  0.667  0.667
  1.000  1.000  1.000  1.000  1.000  1.000  1.000  1.000  1.000  1.000  1.000  1.000  1.000  1.000  1.000
  1.333  1.333  1.333  1.333  1.333  1.333  1.333  1.333  1.333  1.333  1.333  1.333  1.333  1.333  1.333
  1.667  1.667  1.667  1.667  1.667  1.667  1.667  1.667  1.667  1.667  1.667  1.667  1.667  1.667  1.667
  2.000  2.000  2.000  2.000  2.000  2.000  2.000  2.000  2.000  2.000  2.000  2.000  2.000  2.000  2.000
  0.000  0.000  0.000  0.000  0.000  0.000  0.000  0.000  0.000  0.000  0.000  0.000  0.000  0.000  0.000
  0.333  0.333  0.333  0.333  0.333  0.333  0.333  0.333  0.333  0.333  0.333  0.333  0.333  0.333  0.333
  0.667  0.667  0.667  0.667  0.667  0.667  0.667  0.667  0.667  0.667  0.667  0.667  0.667  0.667  0.667
  1.000  1.000  1.000  1.000  1.000  1.000  1.000  1.000  1.000  1.000  1.000  1.000  1.000  1.000  1.000
  1.333  1.333  1.333  1.333  1.333  1.333  1.333  1.333  1.333  1.333  1.333  1.333  1.333  1.333  1.333
  1.667  1.667  1.667  1.667  1.667  1.667  1.667  1.667  1.667  1.667  1.667  1.667  1.667  1.667  1.667
  2.000  2.000  2.000  2.000  2.000  2.000  2.000  2.000  2.000  2.000  2.000  2.000  2.000  2.000  2.000
  0.000  0.000  0.000  0.000  0.000  0.000  0.000  0.000  0.000  0.000  0.000  0.000  0.000  0.000  0.000
  0.333  0.333  0.333  0.333  0.333  0.333  0.333  0.333  0.333  0.333  0.333  0.333  0.333  0.333  0.333
  0.667  0.667  0.667  0.667  0.667  0.667  0.667  0.667  0.667  0.667  0.667  0.667  0.667  0.667  0.667
  1.000  1.000  1.000  1.000  1.000  1.000  1.000  1.000  1.000  1.000  1.000  1.000  1.000  1.000  1.000
  1.333  1.333  1.333  1.333  1.333  1.333  1.333  1.333  1.333  1.333  1.333  1.333  1.333  1.333  1.333
  1.667  1.667  1.667  1.667  1.667  1.667  1.667  1.667  1.667  1.667  1.667  1.667  1.667  1.667  1.667
  2.000  2.000  2.000  2.000  2.000  2.000  2.000  2.000  2.000  2.000  2.000  2.000  2.000  2.000  2.000
  0.000  0.000  0.000  0.000  0.000  0.000  0.000  0.000  0.000  0.000  0.000  0.000  0.000  0.000  0.000
  0.333  0.333  0.333  0.333  0.333  0.333  0.333  0.333  0.333  0.333  0.333  0.333  0.333  0.333  0.333
  0.667  0.667  0.667  0.667  0.667  0.667  0.667  0.667  0.667  0.667  0.667  0.667  0.667  0.667  0.667
  1.000  1.000  1.000  1.000  1.000  1.000  1.000  1.000  1.000  1.000  1.000  1.000  1.000  1.000  1.000
  1.333  1.333  1.333  1.333  1.333  1.333  1.333  1.333  1.333  1.333  1.333  1.333  1.333  1.333  1.333
  1.667  1.667  1.667  1.667  1.667  1.667  1.667  1.667  1.667  1.667  1.667  1.667  1.667  1.667  1.667
  2.000  2.000  2.000  2.000  2.000  2.000  2.000  2.000  2.000  2.000  2.000  2.000  2.000  2.000  2.000
  0.000  0.000  0.000  0.000  0.000  0.000  0.000  0.000  0.000  0.000  0.000  0.000  0.000  0.000  0.000
  0.333  0.333  0.333  0.333  0.333  0.333  0.333  0.333  0.333  0.333  0.333  0.333  0.333  0.333  0.333
  0.667  0.667  0.667  0.667  0.667  0.667  0.667  0.667  0.667  0.667  0.667  0.667  0.667  0.667  0.667
  1.000  1.000  1.000  1.000  1.000  1.000  1.000  1.000  1.000  1.000  1.000  1.000  1.000  1.000  1.000
  1.333  1.333  1.333  1.333  1.333  1.333  1.333  1.333  1.333  1.333  1.333  1.333  1.333  1.333  1.333
  1.667  1.667  1.667  1.667  1.667  1.667  1.667  1.667  1.667  1.667  1.667  1.667  1.667  1.667  1.667
  2.000  2.000  2.000  2.000  2.000  2.000  2.000  2.000  2.000  2.000  2.000  2.000  2.000  2.000  2.000
  0.000  0.000  0.000  0.000  0.000  0.000  0.000  0.000  0.000  0.000  0.000  0.000  0.000  0.000  0.000
  0.333  0.333  0.333  0.333  0.333  0.333  0.333  0.333  0.333  0.333  0.333  0.333  0.333  0.333  0.333
  0.667  0.667  0.667  0.667  0.667  0.667  0.667  0.667  0.667  0.667  0.667  0.667  0.667  0.667  0.667
  1.000  1.000  1.000  1.000  1.000  1.000  1.000  1.000  1.000  1.000  1.000  1.000  1.000  1.000  1.000
  1.333  1.333  1.333  1.333  1.333  1.333  1.333  1.333  1.333  1.333  1.333  1.333  1.333  1.333  1.333
  1.667  1.667  1.667  1.667  1.667  1.667  1.667  1.667  1.667  1.667  1.667  1.667  1.667  1.667  1.667
  2.000  2.000  2.000  2.000  2.000  2.000  2.000  2.000  2.000  2.000  2.000  2.000  2.000  2.000  2.000
  0.000  0.000  0.000  0.000  0.000  0.000  0.000  0.000  0.000  0.000  0.000  0.000  0.000  0.000  0.000
  0.333  0.333  0.333  0.333  0.333  0.333  0.333  0.333  0.333  0.333  0.333  0.333  0.333  0.333  0.333
  0.667  0.667  0.667  0.667  0.667  0.667  0.667  0.667  0.667  0.667  0.667  0.667  0.667  0.667  0.667
  1.000  1.000  1.000  1.000  1.000  1.000  1.000  1.000  1.000  1.000  1.000  1.000  1.000  1.000  1.000
  1.333  1.333  1.333  1.333  1.333  1.333  1.333  1.333  1.333  1.333  1.333  1.333  1.333  1.333  1.333
  1.667  1.667  1.667  1.667  1.667  1.667  1.667  1.667  1.667  1.667  1.667  1.667  1.667  1.667  1.667
  2.000  2.000  2.000  2.000  2.000  2.000  2.000  2.000  2.000  2.000  2.000  2.000  2.000  2.000  2.000
  0.000  0.000  0.000  0.000  0.000  0.000  0.000  0.000  0.000  0.000  0.000  0.000  0.000  0.000  0.000
  0.333  0.333  0.333  0.333  0.333  0.333  0.333  0.333  0.333  0.333  0.333  0.333  0.333  0.333  0.333
  0.667  0.667  0.667  0.667  0.667  0.667  0.667  0.667  0.667  0.667  0.667  0.667  0.667  0.667  0.667
  1.000  1.000  1.000  1.000  1.000  1.000  1.000  1.000  1.000  1.000  1.000  1.000  1.000  1.000  1.000
  1.333  1.333  1.333  1.333  1.333  1.333  1.333  1.333  1.333  1.333  1.333  1.333  1.333  1.333  1.333
  1.667  1.667  1.667  1.667  1.667  1.667  1.667  1.667  1.667  1.667  1.667  1.667  1.667  1.667  1.667
  2.000  2.000  2.000  2.000  2.000  2.000  2.000  2.000  2.000  2.000  2.000  2.000  2.000  2.000  2.000
  0.000  0.000  0.000  0.000  0.000  0.000  0.000  0.000  0.000  0.000  0.000  0.000  0.000  0.000  0.000
  0.333  0.333  0.333  0.333  0.333  0.333  0.333  0.333  0.333  0.333  0.333  0.333  0.333  0.333  0.333
  0.667  0.667  0.667  0.667  0.667  0.667  0.667  0.667  0.667  0.667  0.667  0.667  0.667  0.667  0.667
  1.000  1.000  1.000  1.000  1.000  1.000  1.000  1.000  1.000  1.000  1.000  1.000  1.000  1.000  1.000
  1.333  1.333  1.333  1.333  1.333  1.333  1.333  1.333  1.333  1.333  1.333  1.333  1.333  1.333  1.333
  1.667  1.667  1.667  1.667  1.667  1.667  1.667  1.667  1.667  1.667  1.667  1.667  1.667  1.667  1.667
  2.000  2.000  2.000  2.000  2.000  2.000  2.000  2.000  2.000  2.000  2.000  2.000  2.000  2.000  2.000
  0.000  0.000  0.000  0.000  0.000  0.000  0.000  0.000  0.000  0.000  0.000  0.000  0.000  0.000  0.000
  0.333  0.333  0.333  0.333  0.333  0.333  0.333  0.333  0.333  0.333  0.333  0.333  0.333  0.333  0.333
  0.667  0.667  0.667  0.667  0.667  0.667  0.667  0.667  0.667  0.667  0.667  0.667  0.667  0.667  0.667
  1.000  1.000  1.000  1.000  1.000  1.000  1.000  1.000  1.000  1.000  1.000  1.000  1.000  1.000  1.000
  1.333  1.333  1.333  1.333  1.333  1.333  1.333  1.333  1.333  1.333  1.333  1.333  1.333  1.333  1.333
  1.667  1.667  1.667  1.667  1.667  1.667  1.667  1.667  1.667  1.667  1.667  1.667  1.667  1.667  1.667
  2.000  2.000  2.000  2.000  2.000  2.000  2.000  2.000  2.000  2.000  2.000  2.000  2.000  2.000  2.000
  0.000  0.000  0.000  0.000  0.000  0.000  0.000  0.000  0.000  0.000  0.000  0.000  0.000  0.000  0.000
  0.333  0.333  0.333  0.333  0.333  0.333  0.333  0.333  0.333  0.333  0.333  0.333  0.333  0.333  0.333
  0.667  0.667  0.667  0.667  0.667  0.667  0.667  0.667  0.667  0.667  0.667  0.667  0.667  0.667  0.667
  1.000  1.000  1.000  1.000  1.000  1.000  1.000  1.000  1.000  1.000  1.000  1.000  1.000  1.000  1.000
  1.333  1.333  1.333  1.333  1.333  1.333  1.333  1.333  1.333  1.333  1.333  1.333  1.333  1.333  1.333
  1.667  1.667  1.667  1.667  1.667  1.667  1.667  1.667  1.667  1.667  1.667  1.667  1.667  1.667  1.667
  2.000  2.000  2.000  2.000  2.000  2.000  2.000  2.000  2.000  2.000  2.000  2.000  2.000  2.000  2.000
  0.000  0.000  0.000  0.000  0.000  0.000  0.000  0.000  0.000  0.000  0.000  0.000  0.000  0.000  0.000
  0.333  0.333  0.333  0.333  0.333  0.333  0.333  0.333  0.333  0.333  0.333  0.333  0.333  0.333  0.333
  0.667  0.667  0.667  0.667  0.667  0.667  0.667  0.667  0.667  0.667  0.667  0.667  0.667  0.667  0.667
  1.000  1.000  1.000  1.000  1.000  1.000  1.000  1.000  1.000  1.000  1.000  1.000  1.000  1.000  1.000
  1.333  1.333  1.333  1.333  1.333  1.333  1.333  1.333  1.333  1.333  1.333  1.333  1.333  1.333  1.333
  1.667  1.667  1.667  1.667  1.667  1.667  1.667  1.667  1.667  1.667  1.667  1.667  1.667  1.667  1.667
  2.000  2.000  2.000  2.000  2.000  2.000  2.000  2.000  2.000  2.000  2.000  2.000  2.000  2.000  2.000
  0.000  0.000  0.000  0.000  0.000  0.000  0.000  0.000  0.000  0.000  0.000  0.000  0.000  0.000  0.000
  0.333  0.333  0.333  0.333  0.333  0.333  0.333  0.333  0.333  0.333  0.333  0.333  0.333  0.333  0.333
  0.667  0.667  0.667  0.667  0.667  0.667  0.667  0.667  0.667  0.667  0.667  0.667  0.667  0.667  0.667
  1.000  1.000  1.000  1.000  1.000  1.000  1.000  1.000  1.000  1.000  1.000  1.000  1.000  1.000  1.000
  1.333  1.333  1.333  1.333  1.333  1.333  1.333  1.333  1.333  1.333  1.333  1.333  1.333  1.333  1.333
  1.667  1.667  1.667  1.667  1.667  1.667  1.667  1.667  1.667  1.667  1.667  1.667  1.667  1.667  1.667
  2.000  2.000  2.000  2.000  2.000  2.000  2.000  2.000  2.000  2.000  2.000  2.000  2.000  2.000  2.000
