    0.000000000000000     
   0.1666666666666618     
   0.3333333333333280     
   0.4999999999999923     
   0.6666666666666589     
   0.8333333333333268     
   0.9999999999999994     
    0.000000000000000     
   0.1666666666666618     
   0.3333333333333280     
   0.4999999999999923     
   0.6666666666666589     
   0.8333333333333270     
   0.9999999999999992     
    0.000000000000000     
   0.1666666666666668     
   0.3333333333333339     
   0.4999999999999982     
   0.6666666666666644     
   0.8333333333333310     
   0.9999999999999993     
    0.000000000000000     
   0.1666666666666685     
   0.3333333333333361     
   0.5000000000000017     
   0.6666666666666676     
   0.8333333333333333     
   0.9999999999999994     
    0.000000000000000     
   0.1666666666666689     
   0.3333333333333360     
   0.5000000000000030     
   0.6666666666666690     
   0.8333333333333338     
   0.9999999999999993     
    0.000000000000000     
   0.1666666666666674     
   0.3333333333333344     
   0.5000000000000014     
   0.6666666666666691     
   0.8333333333333337     
   0.9999999999999992     
    0.000000000000000     
   0.1666666666666674     
   0.3333333333333344     
   0.5000000000000013     
   0.6666666666666691     
   0.8333333333333335     
   0.9999999999999994     
    0.000000000000000     
   0.1666666666666602     
   0.3333333333333282     
   0.4999999999999948     
   0.6666666666666642     
   0.8333333333333307     
   0.9999999999999994     
    0.000000000000000     
   0.1666666666666602     
   0.3333333333333282     
   0.4999999999999949     
   0.6666666666666642     
   0.8333333333333309     
   0.9999999999999992     
    0.000000000000000     
   0.1666666666666654     
   0.3333333333333340     
   0.5000000000000011     
   0.6666666666666675     
   0.8333333333333325     
   0.9999999999999993     
    0.000000000000000     
   0.1666666666666681     
   0.3333333333333362     
   0.5000000000000031     
   0.6666666666666690     
   0.8333333333333337     
   0.9999999999999994     
    0.000000000000000     
   0.1666666666666685     
   0.3333333333333362     
   0.5000000000000030     
   0.6666666666666685     
   0.8333333333333318     
   0.9999999999999993     
    0.000000000000000     
   0.1666666666666675     
   0.3333333333333367     
   0.5000000000000039     
   0.6666666666666671     
   0.8333333333333260     
   0.9999999999999992     
    0.000000000000000     
   0.1666666666666675     
   0.3333333333333367     
   0.5000000000000038     
   0.6666666666666671     
   0.8333333333333258     
   0.9999999999999994     
    0.000000000000000     
   0.1666666666666598     
   0.3333333333333273     
   0.4999999999999959     
   0.6666666666666676     
   0.8333333333333370     
   0.9999999999999994     
    0.000000000000000     
   0.1666666666666598     
   0.3333333333333273     
   0.4999999999999959     
   0.6666666666666676     
   0.8333333333333373     
   0.9999999999999992     
    0.000000000000000     
   0.1666666666666648     
   0.3333333333333327     
   0.4999999999999988     
   0.6666666666666669     
   0.8333333333333333     
   0.9999999999999993     
    0.000000000000000     
   0.1666666666666674     
   0.3333333333333341     
   0.4999999999999989     
   0.6666666666666651     
   0.8333333333333309     
   0.9999999999999994     
    0.000000000000000     
   0.1666666666666678     
   0.3333333333333335     
   0.4999999999999985     
   0.6666666666666631     
   0.8333333333333283     
   0.9999999999999993     
    0.000000000000000     
   0.1666666666666681     
   0.3333333333333319     
   0.4999999999999973     
   0.6666666666666602     
   0.8333333333333222     
   0.9999999999999992     
    0.000000000000000     
   0.1666666666666681     
   0.3333333333333319     
   0.4999999999999973     
   0.6666666666666602     
   0.8333333333333219     
   0.9999999999999994     
    0.000000000000000     
   0.1666666666666613     
   0.3333333333333319     
   0.5000000000000019     
   0.6666666666666718     
   0.8333333333333393     
   0.9999999999999994     
    0.000000000000000     
   0.1666666666666613     
   0.3333333333333319     
   0.5000000000000019     
   0.6666666666666718     
   0.8333333333333395     
   0.9999999999999992     
    0.000000000000000     
   0.1666666666666653     
   0.3333333333333329     
   0.5000000000000007     
   0.6666666666666679     
   0.8333333333333333     
   0.9999999999999993     
    0.000000000000000     
   0.1666666666666672     
   0.3333333333333344     
   0.5000000000000001     
   0.6666666666666659     
   0.8333333333333313     
   0.9999999999999994     
    0.000000000000000     
   0.1666666666666672     
   0.3333333333333328     
   0.4999999999999981     
   0.6666666666666631     
   0.8333333333333277     
   0.9999999999999993     
    0.000000000000000     
   0.1666666666666664     
   0.3333333333333294     
   0.4999999999999933     
   0.6666666666666540     
   0.8333333333333167     
   0.9999999999999992     
    0.000000000000000     
   0.1666666666666664     
   0.3333333333333294     
   0.4999999999999933     
   0.6666666666666540     
   0.8333333333333165     
   0.9999999999999994     
    0.000000000000000     
   0.1666666666666622     
   0.3333333333333324     
   0.5000000000000027     
   0.6666666666666736     
   0.8333333333333390     
   0.9999999999999994     
    0.000000000000000     
   0.1666666666666622     
   0.3333333333333324     
   0.5000000000000027     
   0.6666666666666736     
   0.8333333333333393     
   0.9999999999999992     
    0.000000000000000     
   0.1666666666666653     
   0.3333333333333351     
   0.5000000000000026     
   0.6666666666666703     
   0.8333333333333346     
   0.9999999999999993     
    0.000000000000000     
   0.1666666666666662     
   0.3333333333333334     
   0.5000000000000001     
   0.6666666666666656     
   0.8333333333333308     
   0.9999999999999994     
    0.000000000000000     
   0.1666666666666645     
   0.3333333333333285     
   0.4999999999999947     
   0.6666666666666594     
   0.8333333333333250     
   0.9999999999999993     
    0.000000000000000     
   0.1666666666666617     
   0.3333333333333226     
   0.4999999999999850     
   0.6666666666666460     
   0.8333333333333073     
   0.9999999999999992     
    0.000000000000000     
   0.1666666666666617     
   0.3333333333333226     
   0.4999999999999849     
   0.6666666666666460     
   0.8333333333333071     
   0.9999999999999994     
    0.000000000000000     
   0.1666666666666626     
   0.3333333333333338     
   0.5000000000000033     
   0.6666666666666731     
   0.8333333333333343     
   0.9999999999999994     
    0.000000000000000     
   0.1666666666666626     
   0.3333333333333338     
   0.5000000000000033     
   0.6666666666666731     
   0.8333333333333345     
   0.9999999999999992     
    0.000000000000000     
   0.1666666666666662     
   0.3333333333333338     
   0.5000000000000000     
   0.6666666666666669     
   0.8333333333333307     
   0.9999999999999993     
    0.000000000000000     
   0.1666666666666668     
   0.3333333333333326     
   0.4999999999999982     
   0.6666666666666637     
   0.8333333333333293     
   0.9999999999999994     
    0.000000000000000     
   0.1666666666666632     
   0.3333333333333266     
   0.4999999999999918     
   0.6666666666666575     
   0.8333333333333240     
   0.9999999999999993     
    0.000000000000000     
   0.1666666666666590     
   0.3333333333333175     
   0.4999999999999790     
   0.6666666666666426     
   0.8333333333333067     
   0.9999999999999992     
    0.000000000000000     
   0.1666666666666590     
   0.3333333333333175     
   0.4999999999999790     
   0.6666666666666426     
   0.8333333333333065     
   0.9999999999999994     
    0.000000000000000     
   0.1666666666666661     
   0.3333333333333349     
   0.5000000000000056     
   0.6666666666666720     
   0.8333333333333324     
   0.9999999999999994     
    0.000000000000000     
   0.1666666666666661     
   0.3333333333333349     
   0.5000000000000056     
   0.6666666666666720     
   0.8333333333333326     
   0.9999999999999992     
    0.000000000000000     
   0.1666666666666661     
   0.3333333333333338     
   0.5000000000000008     
   0.6666666666666667     
   0.8333333333333304     
   0.9999999999999993     
    0.000000000000000     
   0.1666666666666654     
   0.3333333333333311     
   0.4999999999999972     
   0.6666666666666637     
   0.8333333333333290     
   0.9999999999999994     
    0.000000000000000     
   0.1666666666666631     
   0.3333333333333270     
   0.4999999999999917     
   0.6666666666666580     
   0.8333333333333247     
   0.9999999999999993     
    0.000000000000000     
   0.1666666666666611     
   0.3333333333333217     
   0.4999999999999801     
   0.6666666666666421     
   0.8333333333333078     
   0.9999999999999992     
    0.000000000000000     
   0.1666666666666611     
   0.3333333333333217     
   0.4999999999999801     
   0.6666666666666421     
   0.8333333333333076     
   0.9999999999999994     
    0.000000000000000     
   0.1666666666666687     
   0.3333333333333379     
   0.5000000000000038     
   0.6666666666666669     
   0.8333333333333270     
   0.9999999999999994     
    0.000000000000000     
   0.1666666666666687     
   0.3333333333333379     
   0.5000000000000038     
   0.6666666666666669     
   0.8333333333333273     
   0.9999999999999992     
    0.000000000000000     
   0.1666666666666681     
   0.3333333333333350     
   0.5000000000000002     
   0.6666666666666646     
   0.8333333333333288     
   0.9999999999999993     
    0.000000000000000     
   0.1666666666666667     
   0.3333333333333325     
   0.4999999999999978     
   0.6666666666666632     
   0.8333333333333297     
   0.9999999999999994     
    0.000000000000000     
   0.1666666666666632     
   0.3333333333333270     
   0.4999999999999915     
   0.6666666666666573     
   0.8333333333333256     
   0.9999999999999993     
    0.000000000000000     
   0.1666666666666598     
   0.3333333333333193     
   0.4999999999999785     
   0.6666666666666420     
   0.8333333333333108     
   0.9999999999999992     
    0.000000000000000     
   0.1666666666666598     
   0.3333333333333193     
   0.4999999999999784     
   0.6666666666666420     
   0.8333333333333106     
   0.9999999999999994     
