  0.500  1.000  1.000  1.000  1.000  1.000  1.000
  0.500  1.000  1.000  1.000  1.000  1.000  1.000
  0.500  1.000  1.000  1.000  1.000  1.000  1.000
  0.500  1.000  1.000  1.000  1.000  1.000  1.000
  0.500  1.000  1.000  1.000  1.000  1.000  1.000
  0.500  1.000  1.000  1.000  1.000  1.000  1.000
  0.500  1.000  1.000  1.000  1.000  1.000  1.000
 
  0.500  1.000  1.000  1.000  1.000  1.000  1.000
  0.500  1.000  1.000  1.000  1.000  1.000  1.000
  0.500  1.000  1.000  1.000  1.000  1.000  1.000
  0.500  1.000  1.000  1.000  1.000  1.000  1.000
  0.500  1.000  1.000  1.000  1.000  1.000  1.000
  0.500  1.000  1.000  1.000  1.000  1.000  1.000
  0.500  1.000  1.000  1.000  1.000  1.000  1.000
 
  0.500  1.000  1.000  1.000  1.000  1.000  1.000
  0.500  1.000  1.000  1.000  1.000  1.000  1.000
  0.500  1.000  1.000  1.000  1.000  1.000  1.000
  0.500  1.000  1.000  1.000  1.000  1.000  1.000
  0.500  1.000  1.000  1.000  1.000  1.000  1.000
  0.500  1.000  1.000  1.000  1.000  1.000  1.000
  0.500  1.000  1.000  1.000  1.000  1.000  1.000
 
  0.500  1.000  1.000  1.000  1.000  1.000  1.000
  0.500  1.000  1.000  1.000  1.000  1.000  1.000
  0.500  1.000  1.000  1.000  1.000  1.000  1.000
  0.500  1.000  1.000  1.000  1.000  1.000  1.000
  0.500  1.000  1.000  1.000  1.000  1.000  1.000
  0.500  1.000  1.000  1.000  1.000  1.000  1.000
  0.500  1.000  1.000  1.000  1.000  1.000  1.000
 
  0.500  1.000  1.000  1.000  1.000  1.000  1.000
  0.500  1.000  1.000  1.000  1.000  1.000  1.000
  0.500  1.000  1.000  1.000  1.000  1.000  1.000
  0.500  1.000  1.000  1.000  1.000  1.000  1.000
  0.500  1.000  1.000  1.000  1.000  1.000  1.000
  0.500  1.000  1.000  1.000  1.000  1.000  1.000
  0.500  1.000  1.000  1.000  1.000  1.000  1.000
 
  0.500  1.000  1.000  1.000  1.000  1.000  1.000
  0.500  1.000  1.000  1.000  1.000  1.000  1.000
  0.500  1.000  1.000  1.000  1.000  1.000  1.000
  0.500  1.000  1.000  1.000  1.000  1.000  1.000
  0.500  1.000  1.000  1.000  1.000  1.000  1.000
  0.500  1.000  1.000  1.000  1.000  1.000  1.000
  0.500  1.000  1.000  1.000  1.000  1.000  1.000
 
  0.500  1.000  1.000  1.000  1.000  1.000  1.000
  0.500  1.000  1.000  1.000  1.000  1.000  1.000
  0.500  1.000  1.000  1.000  1.000  1.000  1.000
  0.500  1.000  1.000  1.000  1.000  1.000  1.000
  0.500  1.000  1.000  1.000  1.000  1.000  1.000
  0.500  1.000  1.000  1.000  1.000  1.000  1.000
  0.500  1.000  1.000  1.000  1.000  1.000  1.000
 
  0.500  1.000  1.000  1.000  1.000  1.000  1.000
  0.500  1.000  1.000  1.000  1.000  1.000  1.000
  0.500  1.000  1.000  1.000  1.000  1.000  1.000
  0.500  1.000  1.000  1.000  1.000  1.000  1.000
  0.500  1.000  1.000  1.000  1.000  1.000  1.000
  0.500  1.000  1.000  1.000  1.000  1.000  1.000
  0.500  1.000  1.000  1.000  1.000  1.000  1.000
 
