    0.000000000000000     
   0.1666666664147532     
   0.3333333333913938     
   0.4999999998869194     
   0.6666666666780640     
   0.8333333333035354     
   0.9999999999999994     
    0.000000000000000     
   0.1666666664147532     
   0.3333333333913938     
   0.4999999998869195     
   0.6666666666780640     
   0.8333333333035357     
   0.9999999999999992     
    0.000000000000000     
   0.1666666665901795     
   0.3333333333517288     
   0.4999999999631934     
   0.6666666666700467     
   0.8333333333235289     
   0.9999999999999993     
    0.000000000000000     
   0.1666666666476064     
   0.3333333333379490     
   0.4999999999905005     
   0.6666666666673685     
   0.8333333333307292     
   0.9999999999999994     
    0.000000000000000     
   0.1666666666714169     
   0.3333333333310513     
   0.5000000000030340     
   0.6666666666656355     
   0.8333333333339765     
   0.9999999999999993     
    0.000000000000000     
   0.1666666666933160     
   0.3333333333232904     
   0.5000000000152913     
   0.6666666666631037     
   0.8333333333370103     
   0.9999999999999992     
    0.000000000000000     
   0.1666666666933160     
   0.3333333333232904     
   0.5000000000152913     
   0.6666666666631037     
   0.8333333333370101     
   0.9999999999999994     
    0.000000000000000     
   0.1666666575980033     
   0.3333333339542523     
   0.4999999967900432     
   0.6666666665772876     
   0.8333333322848240     
   0.9999999999999994     
    0.000000000000000     
   0.1666666575980033     
   0.3333333339542523     
   0.4999999967900433     
   0.6666666665772876     
   0.8333333322848242     
   0.9999999999999992     
    0.000000000000000     
   0.1666666638033455     
   0.3333333335064233     
   0.4999999989346439     
   0.6666666665994292     
   0.8333333329796062     
   0.9999999999999993     
    0.000000000000000     
   0.1666666659422906     
   0.3333333333689100     
   0.4999999997231659     
   0.6666666666397159     
   0.8333333332384824     
   0.9999999999999994     
    0.000000000000000     
   0.1666666669014093     
   0.3333333332907133     
   0.5000000000933832     
   0.6666666666584798     
   0.8333333333596959     
   0.9999999999999993     
    0.000000000000000     
   0.1666666678392418     
   0.3333333331782641     
   0.5000000004539118     
   0.6666666666586718     
   0.8333333334735611     
   0.9999999999999992     
    0.000000000000000     
   0.1666666678392418     
   0.3333333331782641     
   0.5000000004539118     
   0.6666666666586718     
   0.8333333334735609     
   0.9999999999999994     
    0.000000000000000     
   0.1666664789895961     
   0.3333333667322699     
   0.4999999470572333     
   0.6666666850140639     
   0.8333333203482944     
   0.9999999999999994     
    0.000000000000000     
   0.1666664789895961     
   0.3333333667322699     
   0.4999999470572333     
   0.6666666850140639     
   0.8333333203482947     
   0.9999999999999992     
    0.000000000000000     
   0.1666665894771565     
   0.3333333336573965     
   0.4999999751212059     
   0.6666666671570881     
   0.8333333246544613     
   0.9999999999999993     
    0.000000000000000     
   0.1666666507215110     
   0.3333333362172264     
   0.4999999945625603     
   0.6666666670203715     
   0.8333333318901884     
   0.9999999999999994     
    0.000000000000000     
   0.1666666741112479     
   0.3333333329510320     
   0.5000000025267592     
   0.6666666667095218     
   0.8333333341837328     
   0.9999999999999993     
    0.000000000000000     
   0.1666667043972643     
   0.3333333324621263     
   0.5000000128884894     
   0.6666666672171354     
   0.8333333380316469     
   0.9999999999999992     
    0.000000000000000     
   0.1666667043972643     
   0.3333333324621263     
   0.5000000128884894     
   0.6666666672171354     
   0.8333333380316467     
   0.9999999999999994     
    0.000000000000000     
   0.1666664866967826     
   0.3333333918450367     
   0.4999999530013019     
   0.6666668368375541     
   0.8333333229043053     
   0.9999999999999994     
    0.000000000000000     
   0.1666664866967826     
   0.3333333918450367     
   0.4999999530013020     
   0.6666668368375541     
   0.8333333229043055     
   0.9999999999999992     
    0.000000000000000     
   0.1666665807519482     
   0.3333333646782849     
   0.4999999436786757     
   0.6666667653872670     
   0.8333333533297665     
   0.9999999999999993     
    0.000000000000000     
   0.1666666563710580     
   0.3333333466838804     
   0.4999999845326571     
   0.6666667019151343     
   0.8333333578892023     
   0.9999999999999994     
    0.000000000000000     
   0.1666667511580030     
   0.3333333385037334     
   0.5000000723829218     
   0.6666666872000333     
   0.8333333715218439     
   0.9999999999999993     
    0.000000000000000     
   0.1666668599493090     
   0.3333333604976968     
   0.5000002235792415     
   0.6666667195750671     
   0.8333334282622963     
   0.9999999999999992     
    0.000000000000000     
   0.1666668599493090     
   0.3333333604976968     
   0.5000002235792413     
   0.6666667195750671     
   0.8333334282622961     
   0.9999999999999994     
    0.000000000000000     
   0.1666664810066510     
   0.3333333751236771     
   0.4999998807363659     
   0.6666667937215812     
   0.8333332883740455     
   0.9999999999999994     
    0.000000000000000     
   0.1666664810066510     
   0.3333333751236771     
   0.4999998807363660     
   0.6666667937215812     
   0.8333332883740457     
   0.9999999999999992     
    0.000000000000000     
   0.1666665857575061     
   0.3333333787657072     
   0.4999999688606930     
   0.6666667765081024     
   0.8333333438176702     
   0.9999999999999993     
    0.000000000000000     
   0.1666666732526524     
   0.3333333538884605     
   0.5000000491525607     
   0.6666667608726407     
   0.8333333864993543     
   0.9999999999999994     
    0.000000000000000     
   0.1666667782944470     
   0.3333333648638375     
   0.5000001635203191     
   0.6666667735016349     
   0.8333334381920584     
   0.9999999999999993     
    0.000000000000000     
   0.1666668981886107     
   0.3333334020708373     
   0.5000003081210310     
   0.6666668016145074     
   0.8333335024670255     
   0.9999999999999992     
    0.000000000000000     
   0.1666668981886107     
   0.3333334020708373     
   0.5000003081210309     
   0.6666668016145074     
   0.8333335024670253     
   0.9999999999999994     
    0.000000000000000     
   0.1666664904610345     
   0.3333333987893098     
   0.4999998908665346     
   0.6666668020389341     
   0.8333332970317696     
   0.9999999999999994     
    0.000000000000000     
   0.1666664904610345     
   0.3333333987893098     
   0.4999998908665346     
   0.6666668020389341     
   0.8333332970317698     
   0.9999999999999992     
    0.000000000000000     
   0.1666665898981065     
   0.3333333842292284     
   0.4999999845790449     
   0.6666667826164867     
   0.8333333398768903     
   0.9999999999999993     
    0.000000000000000     
   0.1666666852004414     
   0.3333333775699823     
   0.5000000767387598     
   0.6666667802814961     
   0.8333333906349280     
   0.9999999999999994     
    0.000000000000000     
   0.1666667874218081     
   0.3333333824150879     
   0.5000001821678736     
   0.6666667856271089     
   0.8333334436834362     
   0.9999999999999993     
    0.000000000000000     
   0.1666669066118001     
   0.3333334000494063     
   0.5000003078248872     
   0.6666668015764952     
   0.8333335033492398     
   0.9999999999999992     
    0.000000000000000     
   0.1666669066118001     
   0.3333334000494063     
   0.5000003078248871     
   0.6666668015764952     
   0.8333335033492396     
   0.9999999999999994     
    0.000000000000000     
   0.1666665001379466     
   0.3333334053498700     
   0.4999999049764432     
   0.6666668102574578     
   0.8333333050823931     
   0.9999999999999994     
    0.000000000000000     
   0.1666665001379466     
   0.3333334053498700     
   0.4999999049764433     
   0.6666668102574578     
   0.8333333050823933     
   0.9999999999999992     
    0.000000000000000     
   0.1666665911634032     
   0.3333333911233441     
   0.4999999863517002     
   0.6666667891846895     
   0.8333333480862493     
   0.9999999999999993     
    0.000000000000000     
   0.1666666943215298     
   0.3333333874112466     
   0.5000000860441989     
   0.6666667833838776     
   0.8333333916598701     
   0.9999999999999994     
    0.000000000000000     
   0.1666667927476564     
   0.3333333919924996     
   0.5000001889562554     
   0.6666667891721039     
   0.8333334435209683     
   0.9999999999999993     
    0.000000000000000     
   0.1666669084020899     
   0.3333333922576313     
   0.5000003068463941     
   0.6666668025680504     
   0.8333335054621182     
   0.9999999999999992     
    0.000000000000000     
   0.1666669084020899     
   0.3333333922576313     
   0.5000003068463941     
   0.6666668025680504     
   0.8333335054621179     
   0.9999999999999994     
    0.000000000000000     
   0.1666664881684792     
   0.3333334058581784     
   0.4999998891402302     
   0.6666667905516214     
   0.8333332844708035     
   0.9999999999999994     
    0.000000000000000     
   0.1666664881684792     
   0.3333334058581784     
   0.4999998891402303     
   0.6666667905516214     
   0.8333332844708037     
   0.9999999999999992     
    0.000000000000000     
   0.1666665967255050     
   0.3333333884867832     
   0.4999999910500362     
   0.6666667901305626     
   0.8333333439331958     
   0.9999999999999993     
    0.000000000000000     
   0.1666666946234159     
   0.3333333926876123     
   0.5000000865564158     
   0.6666667839263868     
   0.8333333928984631     
   0.9999999999999994     
    0.000000000000000     
   0.1666667956473623     
   0.3333333933795388     
   0.5000001936053763     
   0.6666667912120272     
   0.8333334432107725     
   0.9999999999999993     
    0.000000000000000     
   0.1666669098345055     
   0.3333334016118396     
   0.5000003094636341     
   0.6666668065032199     
   0.8333335030946957     
   0.9999999999999992     
    0.000000000000000     
   0.1666669098345055     
   0.3333334016118396     
   0.5000003094636339     
   0.6666668065032199     
   0.8333335030946954     
   0.9999999999999994     
